100
73 68
7 3
4 9
17 10
31 27
62 64
3 1
39 37
96 89
51 48
90 97
18 26
40 35
66 61
16 15
11 7
34 28
51 52
50 44
88 95
70 74
72 65
55 51
54 57
33 26
77 72
88 85
5 3
53 50
98 90
44 48
55 62
61 59
76 83
28 25
66 70
24 17
91 93
45 43
63 65
90 89
20 15
49 41
35 31
39 42
33 36
79 78
66 67
46 42
81 77
21 27
97 100
59 58
92 94
31 38
12 9
17 22
8 6
19 21
7 10
53 60
79 86
14 13
32 31
65 71
56 53
78 71
26 30
15 10
80 82
63 69
89 91
53 58
63 59
2 1
23 25
83 87
3 4
84 83
25 29
67 68
77 80
85 78
37 44
86 92
18 17
42 43
37 41
15 19
95 99
52 54
46 47
71 75
72 76
6 4
19 23
37 30
12 13
84 89
