1000
172 37
442 733
126 118
874 737
408 83
747 754
554 854
139 94
361 130
666 624
139 182
244 521
70 24
637 689
447 113
571 381
191 269
529 164
537 476
17 8
56 49
338 249
334 358
9 27
339 476
50 587
460 457
212 261
830 458
111 73
693 932
71 232
48 403
90 114
62 71
763 284
204 254
130 6
61 80
957 673
149 68
960 934
165 26
95 304
856 978
646 295
169 520
88 226
124 76
134 279
678 206
320 363
12 664
244 340
613 652
150 951
224 319
618 583
662 489
518 350
82 142
297 369
248 68
941 652
95 45
453 64
915 720
95 118
30 220
79 22
531 539
295 387
516 421
173 145
374 344
162 286
470 956
388 133
469 859
759 919
152 82
694 370
30 37
557 102
485 334
593 596
524 306
575 635
567 714
560 609
502 34
323 255
112 83
47 331
197 183
434 335
700 909
679 384
281 372
809 855
262 287
127 156
151 77
349 342
813 274
64 99
626 149
459 656
307 477
706 639
180 921
389 29
117 38
19 39
663 877
486 536
544 114
8 105
718 539
366 8
400 201
29 93
351 466
497 304
545 616
436 558
108 102
422 259
61 30
553 197
845 691
350 59
370 235
334 715
73 411
224 173
120 198
59 10
315 347
682 752
551 298
356 450
82 385
273 157
860 948
97 236
258 205
790 461
209 13
907 589
421 315
446 589
789 219
566 660
481 361
532 465
171 297
74 2
863 248
362 355
699 946
443 527
181 282
765 538
624 519
415 475
697 373
465 401
851 460
681 311
32 89
199 151
64 34
858 626
337 268
424 737
26 5
155 99
331 769
738 766
302 888
949 722
47 180
2 1
44 88
464 141
330 323
27 44
365 631
927 918
349 713
10 695
10 13
7 196
86 9
210 78
222 54
918 996
550 659
91 56
96 794
585 519
717 380
442 370
205 260
639 174
486 612
115 134
281 152
356 20
554 224
748 720
417 968
532 871
304 336
668 598
944 917
16 311
298 72
432 422
779 550
310 431
31 352
443 250
651 400
52 188
127 519
382 343
351 730
795 486
21 910
538 329
454 826
252 333
289 184
249 38
101 116
563 358
71 278
397 456
468 712
95 284
127 67
237 72
36 202
152 255
314 410
518 583
121 355
3 2
732 118
197 257
291 811
638 453
368 470
510 602
53 394
598 504
91 148
724 582
605 784
997 611
448 256
799 906
201 76
634 298
110 773
93 299
10 324
105 181
723 578
303 86
778 497
927 971
273 463
716 679
294 233
681 943
224 439
489 464
676 513
865 11
361 429
16 23
5 6
74 270
514 850
23 103
197 239
302 264
50 72
660 809
808 547
654 785
257 312
488 692
400 614
523 239
289 365
238 262
833 446
242 213
584 215
224 243
113 23
920 338
8 35
20 18
266 575
923 793
439 541
23 250
472 452
569 392
321 244
217 29
805 554
653 199
860 437
860 916
478 699
977 940
212 610
433 545
141 246
271 89
501 407
900 226
320 223
435 189
24 670
746 639
350 458
198 503
456 705
887 568
559 990
1000 320
21 3
350 673
121 505
62 34
924 176
253 496
195 200
78 334
40 244
151 488
781 324
703 654
704 241
693 937
9 19
6 9
351 246
743 429
955 840
19 24
572 952
13 69
622 776
113 375
804 861
882 255
276 745
614 987
468 440
437 277
582 531
601 202
762 649
317 438
385 504
228 52
603 89
592 450
353 137
222 725
392 68
362 928
3 115
503 856
707 390
72 354
508 257
2 393
549 401
530 454
797 816
2 416
483 332
176 803
414 566
114 168
903 442
7 2
677 22
385 428
868 674
891 556
167 127
10 131
276 179
591 502
357 454
731 221
883 712
92 22
430 232
25 190
13 16
324 685
57 38
758 722
736 280
8 780
324 579
954 427
136 117
56 159
143 40
140 34
229 153
992 981
741 474
170 782
535 149
800 658
573 623
649 212
593 620
459 828
121 368
560 491
961 658
331 512
981 910
889 953
671 604
267 106
62 459
20 110
687 18
415 342
7 109
4 1
219 581
194 386
251 517
13 18
296 50
637 422
340 756
214 230
721 704
417 573
376 729
574 533
291 922
163 131
28 54
986 569
265 32
846 745
107 132
296 562
474 93
356 572
94 644
58 48
582 947
48 76
383 324
674 294
654 598
611 772
632 404
288 199
185 140
259 166
183 37
216 339
99 214
292 412
562 959
386 436
394 650
491 722
464 494
41 227
170 663
223 98
21 157
63 221
600 453
122 31
692 777
526 303
68 45
480 451
297 317
233 548
165 364
147 55
879 862
499 728
12 1
774 825
425 675
593 617
793 733
90 123
359 263
234 34
513 8
983 582
236 641
897 825
824 799
570 191
364 742
796 602
11 1
336 720
422 972
821 442
177 264
627 379
347 665
441 187
613 463
83 40
37 41
638 786
45 499
636 998
391 864
710 502
240 308
578 118
598 636
379 299
263 40
580 263
343 423
313 307
183 371
401 362
495 268
110 137
212 186
650 902
935 439
788 930
224 414
48 41
522 149
849 437
18 381
32 195
75 247
701 535
67 62
143 484
52 96
911 523
85 79
615 181
283 599
198 204
706 884
692 905
819 721
81 59
386 595
2 5
402 222
629 560
372 373
380 908
775 707
332 119
676 771
847 693
490 25
620 962
151 958
98 68
896 945
440 84
233 209
788 853
283 152
834 716
5 47
60 66
361 682
424 109
342 975
425 223
53 16
667 228
14 6
814 641
84 277
892 705
862 771
84 300
467 372
106 184
950 614
129 555
669 616
423 974
21 187
128 169
440 914
788 615
41 175
567 836
759 530
280 251
171 113
266 19
34 16
192 184
199 417
670 696
205 139
606 74
898 399
256 67
516 542
753 636
38 18
101 28
543 266
380 267
515 672
419 325
88 203
758 881
342 312
146 61
550 890
933 839
133 446
984 853
153 30
191 185
384 397
690 644
582 820
208 837
30 51
164 74
455 35
240 107
50 162
376 169
804 433
38 40
154 147
460 564
151 216
547 633
234 377
733 896
176 52
600 798
350 462
307 40
9 138
621 592
661 270
90 54
450 498
797 726
367 234
683 65
942 519
586 528
305 188
219 210
829 630
826 839
384 195
293 56
55 335
73 577
980 737
275 315
654 994
216 511
464 608
658 818
5 158
345 165
691 520
912 613
315 506
51 166
30 4
82 325
469 80
413 274
195 873
471 217
53 75
357 399
630 686
797 889
30 45
79 189
657 523
15 178
760 488
449 182
444 94
406 138
2 514
755 339
149 642
395 98
255 391
457 312
207 88
842 634
418 398
235 198
6 218
20 33
426 412
113 144
35 84
571 622
102 31
965 778
249 346
87 37
272 38
561 389
840 192
407 925
354 688
290 209
401 827
611 628
78 125
571 917
450 493
64 684
680 455
395 594
101 119
556 293
203 510
658 221
7 15
182 550
893 102
347 534
13 179
522 749
94 31
989 731
60 31
133 49
822 759
292 164
614 926
166 186
594 848
229 252
870 571
744 552
869 742
486 371
106 28
112 215
552 486
42 37
275 265
719 345
648 337
478 139
982 299
135 102
27 36
899 293
211 80
802 755
593 460
964 633
817 835
396 245
295 875
879 918
429 876
423 445
202 420
524 625
82 46
472 487
967 520
161 152
231 66
45 52
597 536
124 301
693 698
576 970
533 604
767 660
389 461
492 382
872 604
23 43
268 232
814 880
291 235
547 333
111 568
43 398
831 885
303 360
26 31
841 563
751 37
65 23
34 251
128 32
487 726
936 921
739 913
929 765
576 401
187 193
328 76
318 112
993 687
770 519
531 401
121 87
507 489
588 159
357 248
528 867
140 310
637 931
129 64
120 213
75 245
75 141
408 515
804 995
611 365
832 407
8 405
240 693
590 579
664 934
408 528
73 22
76 314
746 787
739 577
390 29
55 1
48 378
168 433
940 746
677 810
295 198
4 28
174 407
150 85
47 120
791 723
973 621
494 567
639 702
167 177
747 589
224 792
3 49
801 747
689 979
286 966
145 53
377 844
372 409
645 435
78 32
502 655
831 763
437 619
275 348
553 963
857 355
32 17
66 329
427 375
325 404
378 533
152 757
77 31
735 44
901 431
678 852
657 843
708 999
343 50
263 559
709 392
939 800
43 160
904 341
432 500
46 31
630 231
451 158
479 400
316 283
783 452
699 807
738 722
838 366
482 311
509 414
817 593
525 237
238 43
206 103
272 768
650 711
111 174
515 823
540 443
76 322
327 192
868 878
180 326
170 69
6 63
62 309
607 324
92 107
764 332
491 138
806 661
32 341
533 647
643 91
894 554
776 985
605 157
812 685
10 6
344 220
80 208
546 774
108 306
866 674
284 761
241 139
700 469
50 15
734 330
19 25
452 405
141 253
872 991
352 546
513 976
156 225
740 589
815 519
235 285
39 104
988 820
8 4
13 100
407 895
210 473
23 194
330 640
22 2
29 10
274 30
727 340
612 938
18 97
799 266
170 708
750 324
969 843
886 59
431 565
